x 
1.0
2.0
3.0
4.0
5.0
6.0
7.0
8.0
9.0
10.0
11.0
12.0
13.0
14.0
15.0
16.0
17.0
18.0
19.0
20.0
21.0
22.0
23.0
24.0
25.0
26.0
27.0
28.0
29.0
30.0
31.0
32.0
33.0
34.0
35.0
36.0
37.0
38.0
39.0
40.0
41.0
42.0
43.0
44.0
45.0
46.0
47.0
48.0
49.0
50.0
51.0
52.0
53.0
54.0
55.0
56.0
57.0
58.0
59.0
60.0
61.0
62.0
63.0
64.0
65.0
66.0
67.0
68.0
69.0
70.0
71.0
72.0
73.0
74.0
75.0
76.0
77.0
y 
26.18
26.19
26.19
27.88
30.98
31.59
31.8
30.3
28.64
27.66
27.29
27.07
26.9
26.79
26.74
26.69
26.65
26.63
26.6
26.57
26.55
26.53
26.52
26.5
26.49
26.48
26.47
26.45
26.44
26.43
26.41
26.4
26.38
26.37
26.36
26.35
26.34
26.33
26.32
26.31
26.3
26.29
26.27
26.27
26.26
26.25
26.24
26.24
26.23
26.22
26.22
26.21
26.21
26.21
26.2
26.2
26.19
26.18
26.17
26.15
26.15
26.14
26.15
26.15
26.15
26.15
26.15
26.15
26.14
26.14
26.14
26.14
26.13
26.13
26.12
26.12
26.12
